13.642426013946533
119.7279920578003
248.28284883499146
246.7015106678009
247.0190544128418
205.4780614376068
246.4891321659088
217.07358241081238
246.53365683555603
247.67681288719177
13.654674291610718
153.0448637008667
246.641526222229
105.72120547294617
118.26216125488281
242.3252124786377
238.4122121334076
229.71919989585876
162.33743691444397
202.68546152114868
13.643020391464233
246.31525492668152
248.4142906665802
246.67304039001465
244.09965705871582
146.13128089904785
245.58613324165344
248.15527963638306
173.05190324783325
253.50917387008667
13.75800347328186
183.29584908485413
252.85571908950806
249.80866718292236
250.91039109230042
249.84363865852356
251.17208909988403
250.89580631256104
252.3172743320465
250.82277154922485
13.625829219818115
249.89318537712097
249.02182126045227
252.86214685440063
251.57939624786377
249.94448518753052
87.00773620605469
252.26252961158752
250.17959070205688
74.85673785209656
13.602985858917236
249.8546757698059
176.12767839431763
245.39548707008362
82.33902859687805
248.21751046180725
246.91819977760315
248.93117690086365
248.92638063430786
247.31116819381714
13.649755954742432
231.5467357635498
220.74578022956848
222.95855689048767
230.28845143318176
220.91301584243774
245.9072539806366
246.420654296875
246.5821771621704
81.63106894493103
13.707687616348267
191.95830059051514
146.79897141456604
248.67078590393066
143.42134404182434
248.34968376159668
108.55007076263428
246.3777551651001
250.02119994163513
182.7372763156891
13.682624101638794
248.61021900177002
247.7349603176117
248.4388349056244
252.3910894393921
190.8686797618866
251.15513491630554
86.26877355575562
249.38569688796997
247.77505230903625
13.640208721160889
247.5445420742035
237.40074563026428
251.2634472846985
248.83682322502136
247.89175295829773
249.82938766479492
78.19029426574707
86.51037049293518
198.93807816505432
13.566128730773926
248.17515444755554
248.07403326034546
247.2052125930786
243.39244556427002
146.26391887664795
239.9930064678192
243.8832392692566
137.23580026626587
243.88163423538208
239.18781924247742
230.64588117599487
249.40786838531494
241.47293043136597
89.7069923877716
249.59676456451416
210.5176157951355
231.23684215545654
246.6561975479126
248.1097912788391
249.3300063610077
222.5182056427002
245.36058712005615
31.449402332305908
247.31856966018677
247.00787019729614
248.21367383003235
246.302401304245
248.83871173858643
140.3013575077057
248.26093411445618
246.93215417861938
248.16885805130005
227.01711797714233
223.85881114006042
231.98642086982727
238.56987237930298
36.969764709472656
246.9506905078888
248.3824818134308
211.04099130630493
81.76499652862549
250.3084659576416
248.79181003570557
249.0591721534729
249.08087277412415
82.21954894065857
248.40900683403015
248.04538655281067
248.79250383377075
249.89941382408142
244.63360929489136
249.6006109714508
249.63491678237915
85.98120069503784
250.27113819122314
163.1108739376068
105.0935411453247
248.89560103416443
167.09419655799866
250.02288460731506
168.58232402801514
231.28925824165344
250.49792432785034
248.1407928466797
251.0801932811737
252.32748365402222
250.58642101287842
184.12356424331665
252.2845389842987
251.81395602226257
250.91845154762268
177.95339632034302
252.28888034820557
206.96993827819824
249.71031260490417
248.31724667549133
48.60778617858887
251.71106624603271
250.35741901397705
82.44862985610962
251.15541982650757
249.8289988040924
249.67179584503174
248.12825632095337
109.24100399017334
247.65348720550537
246.95041704177856
246.38344621658325
248.10014271736145
250.246830701828
249.731098651886
251.03006958961487
63.88805341720581
185.350599527359
154.0561556816101
89.6315085887909
240.03989958763123
105.6764817237854
68.60685062408447
245.58383131027222
240.64590668678284
249.14860916137695
247.11630511283875
250.82297015190125
248.31526803970337
241.60307455062866
249.77709913253784
247.0746853351593
75.67106199264526
27.01329469680786
121.27737259864807
160.61436986923218
249.11396503448486
24.397345781326294
247.18322157859802
248.35594272613525
160.75716471672058
177.56917905807495
148.11444520950317
248.90712571144104
248.27342176437378
71.97675371170044
13.598959922790527
251.14562344551086
251.4815273284912
247.48952746391296
111.28342962265015
247.1538577079773
248.19370698928833
13.684417486190796
248.56900119781494
156.38405847549438
248.15406680107117
214.31572914123535
251.18390941619873
90.32013511657715
247.61932516098022
249.769376039505
247.09384202957153
13.695671796798706
250.17747044563293
250.5822560787201
251.43052864074707
79.34965705871582
247.6816713809967
248.84273028373718
164.82564568519592
252.25290513038635
249.44751071929932
13.73720383644104
249.48233938217163
250.31801199913025
250.94774055480957
238.29951977729797
232.67196130752563
248.05368828773499
249.57137513160706
251.2714021205902
249.5628261566162
13.649112701416016
249.08409667015076
247.48049807548523
248.84402012825012
98.25222706794739
250.3414604663849
250.54490733146667
248.26406693458557
248.235778093338
121.19180917739868
13.769638538360596
121.2334475517273
252.1365065574646
249.1023371219635
115.45299959182739
246.92563390731812
250.10678148269653
248.85634183883667
205.01445889472961
124.18274927139282
13.637712240219116
250.2608916759491
112.1784610748291
250.01168394088745
105.35098218917847
249.46468091011047
85.7000846862793
250.57975029945374
249.1671552658081
116.7479088306427
13.634068965911865
44.89495635032654
247.21154379844666
250.62424635887146
87.77573227882385
249.3546302318573
248.53978419303894
174.17010188102722
251.04694032669067
23.29310131072998
13.598492622375488
90.5485737323761
250.18889546394348
251.18577456474304
249.33314418792725
240.64620804786682
246.71731090545654
180.59784317016602
90.82330799102783
71.46326971054077
13.684882164001465
250.59072875976562
238.24013137817383
243.43893241882324
250.6942925453186
239.4786412715912
229.88409113883972
228.2428708076477
225.24887609481812
238.6663601398468
13.68726921081543
31.5647976398468
244.93094611167908
246.5013084411621
249.0371608734131
186.0470860004425
248.18319725990295
215.51386642456055
248.2553675174713
249.94190454483032
13.670471429824829
248.00990867614746
148.37665581703186
248.85398483276367
249.79455065727234
121.40870356559753
245.3868281841278
221.8733308315277
250.27661299705505
234.5741047859192
13.677336931228638
249.1320321559906
178.31105613708496
201.69692468643188
249.81087470054626
245.72967720031738
248.08566093444824
250.14099383354187
248.8458034992218
250.05332040786743
13.937310457229614
175.21818780899048
174.57613682746887
160.44186735153198
222.19440531730652
234.23493075370789
235.19288539886475
222.04003810882568
246.06215500831604
246.59462809562683
13.588587999343872
97.27167272567749
249.36203575134277
247.84758877754211
249.33149933815002
246.42767357826233
147.6872260570526
144.91726517677307
109.5554735660553
252.08036136627197
13.66924786567688
251.9061737060547
87.10516858100891
249.4869031906128
251.1864242553711
249.6056637763977
75.29571843147278
250.41397714614868
251.37145256996155
82.107337474823
13.700581789016724
249.87879490852356
249.492329120636
252.02993202209473
248.0978181362152
251.13367462158203
250.8797686100006
251.7925727367401
250.25724053382874
246.92042708396912
13.592968940734863
250.54212617874146
248.91705203056335
224.35150933265686
112.2927896976471
251.0438675880432
250.99654078483582
82.20266437530518
105.71963572502136
101.53781723976135
13.664786100387573
192.37373113632202
247.6594934463501
251.06962943077087
247.9959592819214
251.00648307800293
250.41525101661682
249.09741616249084
181.15080857276917
249.55442023277283
13.709012746810913
247.96879196166992
250.79044103622437
189.72595691680908
248.42848443984985
87.15386033058167
120.912109375
248.8896119594574
243.77968835830688
234.0856375694275
13.670996189117432
250.07385683059692
83.16063523292542
246.84514331817627
248.47100710868835
78.62509822845459
249.31762671470642
250.08214855194092
86.9258599281311
198.59175276756287
13.685256004333496
248.917471408844
249.87158489227295
248.51522397994995
247.2082874774933
250.7016839981079
166.0265872478485
251.806725025177
249.55306792259216
248.96826171875
13.550077676773071
139.45533800125122
248.39286255836487
250.8474097251892
106.10279202461243
249.04257559776306
79.08890986442566
248.30665946006775
249.50108242034912
249.6841323375702
13.648327350616455
136.90157747268677
247.84132051467896
252.96593689918518
166.54055857658386
35.96288323402405
250.1271116733551
250.05976176261902
110.04439306259155
250.00621271133423
13.656286001205444
250.62188148498535
246.83678531646729
139.78453397750854
241.64562273025513
116.96216416358948
169.74576616287231
216.90470099449158
106.54117846488953
243.98196125030518
13.668787956237793
246.76673460006714
247.3617615699768
185.3849859237671
136.02314066886902
66.96766495704651
251.4751374721527
248.34253358840942
248.41053771972656
140.67638564109802
13.71874451637268
249.038635969162
248.9496729373932
126.62830710411072
247.18435764312744
191.1872456073761
247.50588965415955
248.43860578536987
252.99722957611084
212.05270051956177
13.728970527648926
75.44914436340332
248.93089365959167
80.01065611839294
249.75673365592957
108.23716115951538
239.53619599342346
231.35159492492676
248.61999654769897
67.33136439323425
13.678490161895752
244.22718214988708
246.64591097831726
246.67363381385803
249.38318800926208
238.8574502468109
248.97185754776
118.69393801689148
244.9407455921173
250.39211630821228
13.595737934112549
251.8672444820404
247.4807276725769
250.90749502182007
43.88381600379944
169.03480648994446
236.93587446212769
246.50868844985962
234.9297981262207
222.4642345905304
250.25908136367798
251.24551606178284
240.4579575061798
89.97038507461548
245.71662664413452
249.33612322807312
216.24020504951477
234.62188577651978
246.82308387756348
246.60553407669067
222.39843368530273
237.32791662216187
31.19988465309143
245.9409773349762
247.91323280334473
244.6715362071991
248.27622365951538
244.54086017608643
245.14901661872864
244.77686667442322
248.16757893562317
248.7743215560913
36.721224308013916
141.91199159622192
246.54995894432068
248.73849296569824
81.04081201553345
247.15886116027832
247.46231055259705
249.8942186832428
241.4856414794922
247.78268146514893
249.4430558681488
250.6445803642273
85.72387194633484
247.97219371795654
161.69831919670105
250.61498284339905
250.1062331199646
247.68694591522217
248.64565682411194
247.60011053085327
249.61390924453735
249.1490833759308
251.23436045646667
210.92025089263916
105.04527759552002
246.0988142490387
203.86989402770996
247.81432271003723
249.81148219108582
251.0256004333496
248.8391616344452
82.72897124290466
250.4847228527069
247.90809392929077
81.17796683311462
248.3853623867035
249.89394855499268
248.21568131446838
248.5832064151764
182.69808101654053
247.35046529769897
102.54584169387817
224.31063175201416
178.89995622634888
249.39359164237976
249.78542923927307
245.21746134757996
230.73073363304138
250.05835843086243
246.86500072479248
108.07608485221863
198.88229036331177
106.4142119884491
229.6186318397522
239.8383445739746
246.37237286567688
247.56850671768188
246.8060953617096
252.27989745140076
168.3473551273346
165.30493068695068
249.20656442642212
250.52184653282166
121.38425278663635
154.16836619377136
247.36952710151672
249.45764636993408
249.27018451690674
248.8299641609192
70.61855888366699
245.84963178634644
243.7153251171112
234.43540239334106
246.2677583694458
64.00340247154236
90.40578937530518
245.82069063186646
249.8737871646881
249.82446813583374
27.150720596313477
249.81651949882507
120.00260019302368
249.55967783927917
48.20710492134094
160.98561811447144
246.9462330341339
249.9966423511505
248.3706464767456
123.924729347229
161.2058162689209
176.35714960098267
147.2606406211853
231.51517486572266
230.31088781356812
238.89123916625977
248.07419562339783
244.55559039115906
71.18611884117126
89.7729742527008
249.15398120880127
248.81184816360474
13.641665935516357
244.47591924667358
249.05132603645325
155.03375720977783
245.634174823761
200.00308203697205
247.36979055404663
13.59884238243103
246.18300461769104
248.70723390579224
245.79195165634155
248.04222202301025
246.12976145744324
114.69779062271118
247.45272827148438
248.6005322933197
248.82291650772095
13.668108940124512
246.36016273498535
249.02666234970093
79.68315601348877
250.66170263290405
249.56294417381287
248.74829578399658
166.20066356658936
246.90974712371826
246.91298151016235
13.635687589645386
247.01753997802734
250.61743927001953
250.4254331588745
248.85223984718323
246.25141859054565
245.1894247531891
116.71572470664978
248.612943649292
97.38532066345215
13.730236768722534
246.88206911087036
248.03630661964417
243.83638048171997
245.53984141349792
245.50625348091125
71.44531273841858
119.9451379776001
249.03178477287292
246.19602155685425
13.69957447052002
246.63694548606873
75.1444616317749
246.71670770645142
97.35242223739624
250.37673234939575
242.47211623191833
104.26503467559814
240.63052320480347
240.58458471298218
13.724845170974731
87.37469148635864
112.50896167755127
248.79162192344666
44.71758484840393
91.18419027328491
250.54430723190308
247.38597917556763
247.47979283332825
250.48847126960754
13.748441457748413
249.77286195755005
248.44779706001282
132.67830443382263
24.36534595489502
247.63123607635498
220.7386040687561
73.88414573669434
240.45270657539368
154.22256422042847
13.660840272903442
247.8889021873474
23.058266162872314
90.09183120727539
248.2503046989441
245.31290102005005
249.7735595703125
249.6412124633789
248.84518909454346
247.7750105857849
13.670485258102417
248.67371940612793
31.71169137954712
247.2911717891693
247.18337774276733
249.8949899673462
206.7892701625824
244.24757051467896
224.62606048583984
217.17657566070557
13.752204179763794
213.3749520778656
194.24799036979675
247.97550797462463
248.4739215373993
247.62649846076965
245.95225548744202
172.6337616443634
178.3628134727478
82.10504603385925
13.866393089294434
241.7901999950409
205.675137758255
235.53159523010254
235.34504795074463
240.92184448242188
243.57179427146912
242.54306149482727
229.65014696121216
230.6887502670288
14.01423168182373
246.65707063674927
241.65845561027527
243.27253818511963
146.98263573646545
143.916983127594
108.82338237762451
242.29191732406616
245.11935138702393
246.18080496788025
13.621387243270874
86.53913450241089
144.75991582870483
232.7601432800293
236.3044891357422
221.19029664993286
233.33337140083313
246.60876965522766
245.78397917747498
245.21186304092407
13.710037469863892
245.15369367599487
243.88285374641418
243.11058235168457
243.5664587020874
245.15247416496277
239.2425239086151
237.75473928451538
216.41441106796265
112.73873329162598
13.780961751937866
248.73592138290405
247.54396724700928
105.75927996635437
100.92626452445984
191.49177980422974
245.95207500457764
221.73494148254395
243.07720637321472
245.95411109924316
13.757703304290771
246.61590600013733
247.83982110023499
181.53547430038452
246.8702428340912
245.95382618904114
247.06232261657715
189.70272088050842
241.13517570495605
242.8318555355072
13.784382343292236
86.91998815536499
121.5281810760498
248.28038787841797
249.15031027793884
249.90196537971497
236.43145036697388
247.81474947929382
83.51574325561523
195.57480382919312
13.631399869918823
244.89051604270935
248.73734307289124
78.43353843688965
250.9882209300995
248.10409665107727
87.31331968307495
200.78374242782593
248.37254929542542
245.89618158340454
13.725275754928589
249.48521184921265
246.09590792655945
241.0838177204132
245.83075094223022
247.92816257476807
140.47438311576843
227.57350301742554
245.75586700439453
250.4649691581726
13.948301792144775
100.39038825035095
78.33446073532104
247.07597494125366
250.00456261634827
242.5630943775177
249.25463247299194
135.65229868888855
249.28465366363525
35.47175073623657
13.953332424163818
231.9072151184082
239.4042489528656
106.00148582458496
175.82654738426208
240.7605264186859
227.89997482299805
238.94703483581543
135.5751917362213
241.17098736763
13.715569972991943
119.89916038513184
184.5410656929016
223.60674476623535
105.83479356765747
239.90060210227966
132.36452674865723
65.14204931259155
241.1801953315735
239.71861624717712
13.706709861755371
240.62190198898315
241.6981270313263
239.2603404521942
135.77477073669434
240.62958812713623
240.01197934150696
125.61070990562439
245.54459953308105
191.3170747756958
13.738466501235962
249.304025888443
249.78819632530212
211.6819145679474
74.68898367881775
250.3211567401886
79.49301624298096
248.91276049613953
109.09741401672363
219.19337844848633
19.83985209465027
227.36099481582642
217.9677655696869
247.95537734031677
67.33797097206116
83.07549357414246
223.52775120735168
248.3385832309723
248.33345007896423
249.62358689308167
13.68957233428955
247.89276695251465
248.40440344810486
81.90037941932678
249.744446516037
119.41041302680969
138.2869610786438
247.20811414718628
249.8325216770172
250.85040187835693
13.798531532287598
250.44364643096924
44.19568371772766
169.04371809959412
153.0607795715332
249.28630685806274
235.81256127357483
248.34210324287415
180.68189120292664
94.19999885559082
13.65690016746521
173.3863525390625
249.2183017730713
81.85440182685852
252.0419852733612
242.91184830665588
122.26633381843567
244.87746500968933
181.9514865875244
82.35758090019226
231.49423480033875
225.87387013435364
88.14004182815552
236.17492389678955
243.99078559875488
244.55967569351196
211.7220859527588
231.07995009422302
243.9865062236786
242.20107007026672
242.96351504325867
246.87148666381836
31.47236943244934
248.84750890731812
247.85981154441833
248.88455533981323
249.1985638141632
248.43583703041077
247.64841556549072
248.59945034980774
248.92935967445374
242.3185272216797
37.00804376602173
247.380695104599
248.7320556640625
244.66897702217102
249.75010013580322
250.30525493621826
248.2891845703125
248.47177624702454
246.39269924163818
161.66532444953918
247.63329315185547
249.8457477092743
80.89447283744812
82.1778335571289
246.97598886489868
246.73248291015625
142.48146390914917
247.75459003448486
80.93709945678711
249.08250284194946
202.74745869636536
247.98288750648499
248.89652729034424
247.76714897155762
182.46966552734375
250.0429401397705
248.1079659461975
247.4140853881836
177.29145193099976
248.6006054878235
245.53860211372375
84.81948804855347
247.96163392066956
248.68247604370117
249.45907998085022
248.42538619041443
248.92448019981384
109.91303563117981
210.40605211257935
241.2886712551117
105.99459481239319
115.97324991226196
239.6331489086151
247.7114188671112
108.0514829158783
248.55100512504578
248.15083074569702
205.37866687774658
247.50480675697327
246.8919174671173
247.38162231445312
248.03565216064453
121.01941657066345
246.4092972278595
244.0314381122589
233.72532272338867
238.14741206169128
151.61342120170593
247.64297461509705
90.41523241996765
105.13811469078064
224.34920358657837
155.102370262146
159.18946766853333
72.2354302406311
90.04379487037659
48.311768531799316
249.0668454170227
246.0904643535614
71.20931482315063
247.98258566856384
246.19979095458984
176.89848446846008
250.0529248714447
246.6344358921051
155.8552224636078
242.04117631912231
248.54558753967285
248.42878317832947
247.79192209243774
245.16785526275635
249.50599145889282
248.31989765167236
250.8621711730957
13.631981611251831
226.69180870056152
217.7723433971405
249.33239841461182
13.607656478881836
131.51770043373108
244.66774940490723
249.18885374069214
248.26585793495178
240.03908109664917
249.53803992271423
221.13217616081238
251.75063133239746
115.66294574737549
13.683743000030518
250.1020073890686
251.35362935066223
79.23255634307861
251.22810053825378
250.0192949771881
247.2868332862854
248.59146189689636
251.71363711357117
249.60444498062134
13.62289810180664
251.12950444221497
248.98646116256714
250.5323462486267
248.7112147808075
249.7650592327118
251.07894206047058
246.84431719779968
245.77386140823364
115.5600357055664
13.677626371383667
106.40953588485718
97.45632314682007
252.28035879135132
249.86289262771606
250.13220071792603
120.59337210655212
75.85303020477295
97.67248368263245
249.75554490089417
13.783854484558105
248.43396759033203
248.38443756103516
245.34966206550598
246.01837015151978
247.20548224449158
245.6944568157196
86.04447078704834
155.18212890625
86.59963464736938
13.700120687484741
251.2495572566986
239.10932183265686
240.35208916664124
44.327526330947876
241.9395203590393
242.18010902404785
239.66230177879333
228.41827368736267
223.86437225341797
13.863641023635864
235.4246265888214
127.75849509239197
108.58797669410706
24.854583263397217
241.07309246063232
177.43464183807373
241.20994997024536
240.45637583732605
241.7645707130432
13.738991260528564
239.34197902679443
74.87665510177612
238.87130784988403
239.33933305740356
27.364098072052002
63.44906949996948
241.20562410354614
227.99698448181152
240.68907713890076
13.746054410934448
223.02311968803406
241.27371072769165
215.56157112121582
214.49421977996826
212.3418893814087
248.68499946594238
146.57735347747803
246.10945749282837
174.69031047821045
13.76749038696289
249.409765958786
167.04573774337769
211.7660322189331
247.816481590271
248.16400456428528
251.28540992736816
249.47687029838562
248.7622447013855
248.34447240829468
13.852349042892456
247.01239657402039
248.278799533844
248.32192969322205
70.17970490455627
249.14241456985474
86.71416068077087
249.0478618144989
249.6475486755371
247.59171867370605
13.701737403869629
109.51066875457764
248.51055884361267
247.3248360157013
247.65112686157227
245.63634967803955
244.8748528957367
248.88855957984924
251.96080207824707
112.0976824760437
13.793232440948486
249.8309211730957
251.4034411907196
247.58344721794128
165.9890525341034
247.2530813217163
220.21277475357056
110.8794093132019
247.14790320396423
106.78250312805176
13.83586597442627
89.42869782447815
184.04642581939697
248.71584129333496
249.49603271484375
247.7759735584259
245.2737898826599
246.37251710891724
179.50617122650146
250.56431698799133
13.64942455291748
247.44578313827515
191.71238160133362
250.35500264167786
248.59180068969727
248.5462670326233
86.2473680973053
121.36121845245361
244.77813577651978
246.32195043563843
13.682988405227661
248.57818698883057
238.15857648849487
249.32225942611694
84.17452788352966
179.37349390983582
231.18503522872925
237.1388692855835
75.77639365196228
244.71382474899292
13.716931343078613
248.64874458312988
86.27720808982849
200.67479133605957
240.5953459739685
242.46841192245483
248.53309774398804
249.27300238609314
248.61899638175964
247.58150100708008
13.792689800262451
247.78501319885254
140.87543630599976
248.96838426589966
247.15870761871338
248.68272733688354
105.12087488174438
78.71698665618896
248.79684782028198
250.64661836624146
13.74294400215149
248.11780643463135
247.983704328537
134.52012634277344
249.8727946281433
36.23823666572571
109.5025851726532
248.88076758384705
249.75257301330566
250.06438207626343
13.602158784866333
137.52208828926086
227.17942333221436
124.33606576919556
188.64172387123108
103.22284936904907
241.88045692443848
131.7192542552948
81.97301697731018
66.3189480304718
13.712184429168701
246.97896814346313
248.6112699508667
248.2152543067932
248.52742743492126
140.1155664920807
248.9892554283142
249.93382382392883
128.1005859375
245.9979763031006
13.715184926986694
249.99882292747498
248.66808891296387
190.93746399879456
247.8246431350708
247.559561252594
73.64122414588928
77.88809370994568
248.23617839813232
109.73734545707703
13.663326501846313
174.2375521659851
245.07539582252502
201.21700191497803
71.93537735939026
210.07854843139648
241.26748967170715
222.2064287662506
248.60892248153687
67.99084639549255
13.721107244491577
249.42062783241272
83.61548352241516
189.18266248703003
250.23386573791504
77.48053431510925
228.24645376205444
247.94724869728088
247.09440422058105
248.32802200317383
13.776198625564575
119.33349347114563
137.61848282814026
243.84161281585693
243.3556249141693
44.27070927619934
169.32067227363586
169.50243759155273
151.0060350894928
250.14983487129211
13.692677021026611
231.25760293006897
248.4207158088684
241.53289198875427
181.9324209690094
86.8095953464508
248.28492331504822
241.18024253845215
242.39424753189087
243.7623245716095
13.743857860565186
82.29903411865234
191.7333800792694
215.83583736419678
82.90031671524048
250.61622714996338
127.72755002975464
119.9744782447815
241.53102111816406
244.16244983673096
13.563672542572021
115.49447679519653
78.84089231491089
93.59447836875916
247.11949372291565
248.7456648349762
132.89571571350098
251.6205189228058
166.3033525943756
176.73188138008118
13.673969507217407
247.03443837165833
45.758007287979126
230.40222716331482
40.127718448638916
248.42887949943542
250.306325674057
63.449594020843506
248.69696021080017
249.32444620132446
13.654547452926636
245.37865018844604
202.15218329429626
250.33872199058533
248.7592158317566
249.70611095428467
252.58411645889282
87.10590195655823
71.63920593261719
36.54668045043945
13.639569759368896
169.8959150314331
75.29709577560425
248.15991806983948
223.2418818473816
83.95311546325684
249.51840376853943
86.58460903167725
190.75377321243286
247.08725380897522
248.72662544250488
249.81723046302795
240.7923879623413
249.25775742530823
88.9208471775055
249.75088262557983
214.33419013023376
249.28407740592957
31.599419832229614
248.28746581077576
235.6021876335144
249.7061641216278
245.9280970096588
246.1963391304016
250.6779968738556
248.77445006370544
247.61446332931519
247.06614589691162
248.63640069961548
248.49547481536865
246.4708559513092
249.04806685447693
176.0511040687561
249.644544839859
248.2089114189148
249.64811992645264
251.73332834243774
246.31318759918213
245.92608284950256
249.21628046035767
36.886311531066895
157.12272763252258
213.89095449447632
78.99422359466553
249.53425478935242
249.86099863052368
248.1613712310791
235.84792160987854
81.75958371162415
250.98424816131592
251.98275995254517
252.80709600448608
248.2471103668213
183.77395844459534
249.2828164100647
250.24551558494568
212.9705696105957
248.09395456314087
248.39422941207886
249.08222937583923
249.51208686828613
119.72693848609924
85.16416192054749
250.57561898231506
110.08854937553406
248.3208076953888
200.94439554214478
114.98942399024963
243.23862957954407
249.8233983516693
249.67172813415527
251.53025102615356
188.45775198936462
232.01090621948242
78.43619155883789
248.4865367412567
248.3147406578064
248.58549642562866
105.26339936256409
122.07382678985596
170.85391664505005
250.41312193870544
236.61685037612915
71.78926205635071
219.23856830596924
248.03115606307983
48.363290548324585
162.52597546577454
159.6541793346405
247.94366812705994
90.4660632610321
249.11987972259521
170.77924585342407
235.09076404571533
233.78858995437622
245.09459233283997
71.75223398208618
249.658451795578
245.83167815208435
77.23072528839111
240.15266370773315
244.38893342018127
250.44141292572021
156.2011375427246
244.5806233882904
214.03797841072083
248.65382194519043
250.4114053249359
119.14706802368164
114.53429746627808
13.691579580307007
122.18525624275208
250.40525913238525
248.8200807571411
247.18441438674927
166.75611686706543
248.7990517616272
181.95279598236084
248.61845469474792
249.88153743743896
13.544156074523926
249.2570366859436
249.71688437461853
97.1232898235321
247.91364336013794
250.54111242294312
248.4256432056427
249.89566898345947
110.33871054649353
247.02064108848572
13.721443891525269
251.2943263053894
249.09757947921753
252.1569628715515
251.89567255973816
248.24359369277954
246.8844392299652
98.94673347473145
250.9180588722229
106.96444749832153
13.596076488494873
248.654531955719
108.79855346679688
249.32886457443237
248.7483777999878
86.9706461429596
248.69768571853638
121.09777736663818
250.49491834640503
75.05094361305237
13.639531135559082
247.28882217407227
249.76655316352844
139.8524398803711
249.64881420135498
44.720972776412964
248.06341648101807
248.0557360649109
154.2114222049713
80.6589138507843
13.690998554229736
249.15284156799316
248.32317852973938
250.68940496444702
24.56473135948181
249.46079444885254
247.08434796333313
249.58926630020142
127.22210764884949
64.53219628334045
13.723629474639893
250.95289254188538
250.84463596343994
249.5588219165802
248.0551643371582
251.6066813468933
76.49670433998108
250.19898891448975
27.02236032485962
147.837895154953
13.69131088256836
249.5359592437744
165.9252724647522
231.3993673324585
245.8331422805786
69.62032175064087
121.39157819747925
251.3007471561432
231.00727367401123
217.66370511054993
14.386318445205688
215.90444660186768
210.82120633125305
250.44576597213745
245.51534223556519
246.9819631576538
248.50088477134705
248.0235743522644
246.62271094322205
248.82930421829224
13.705428838729858
249.75668096542358
248.92718648910522
247.66600942611694
249.68534660339355
191.5003101825714
248.85016918182373
248.85405826568604
247.87603306770325
248.4433135986328
13.745014905929565
90.0747697353363
249.39902782440186
245.61629676818848
250.26156949996948
90.67420840263367
248.5042541027069
111.8675627708435
135.55543184280396
247.871089220047
20.84403705596924
188.72634744644165
248.72611570358276
246.38653135299683
250.58654856681824
250.3057577610016
249.590318441391
248.98360466957092
246.32448601722717
246.85899758338928
13.646599292755127
250.39208269119263
174.30978775024414
248.47585940361023
250.85868310928345
246.9268536567688
79.4724109172821
112.1033022403717
220.18770813941956
207.6962080001831
13.71568250656128
247.75014281272888
174.27262806892395
82.91414546966553
194.5040385723114
247.42818355560303
249.3070764541626
76.89504742622375
232.44653153419495
250.36382794380188
13.678368330001831
87.00913619995117
248.58481979370117
215.67207503318787
248.67063307762146
249.1194772720337
250.95106387138367
248.07611298561096
247.60894417762756
78.48757600784302
13.710156202316284
239.4871382713318
240.66946959495544
128.46460843086243
224.05204510688782
249.6269121170044
250.8686821460724
37.47616720199585
251.83105039596558
246.94212889671326
13.733559846878052
249.49958610534668
140.0029628276825
250.90605211257935
251.90967535972595
251.49440360069275
250.1087362766266
208.44347167015076
81.86664581298828
251.77908205986023
13.804955005645752
27.379939079284668
251.16851830482483
105.4322862625122
250.0395164489746
249.96368503570557
250.07694029808044
244.92953753471375
78.08417677879333
192.86368608474731
13.734644412994385
249.43787264823914
79.87477707862854
252.57525992393494
108.98633599281311
248.9719831943512
249.02349424362183
232.58478665351868
247.0678744316101
83.15440917015076
13.69100046157837
250.92788529396057
189.02439904212952
249.22509932518005
81.6362476348877
249.5330126285553
248.69886088371277
120.45873689651489
90.3583459854126
138.9628608226776
13.58022665977478
248.6720268726349
249.0711944103241
248.83542728424072
44.189435720443726
168.25469541549683
248.86319041252136
170.66634345054626
249.2246654033661
138.25397062301636
13.787965774536133
247.91309642791748
235.51216626167297
251.86401987075806
251.25886034965515
249.20370602607727
249.20733284950256
249.01808071136475
208.53723907470703
197.20112586021423
13.729796648025513
83.23612785339355
250.08801293373108
118.1147871017456
248.9284303188324
128.55644965171814
249.3596031665802
250.8730823993683
251.6794273853302
251.26906967163086
13.693908452987671
117.04654002189636
79.16879725456238
93.65362906455994
249.24840211868286
249.3292601108551
168.5113320350647
90.62188768386841
177.0306839942932
251.64817309379578
13.745625734329224
50.53886580467224
249.07238793373108
39.63266086578369
250.95445466041565
251.27120923995972
245.96918320655823
248.28996920585632
58.95241141319275
233.45399379730225
13.75359845161438
247.66442370414734
251.2125051021576
79.28444075584412
249.19817280769348
216.79535341262817
203.1436312198639
79.12556052207947
67.96931028366089
35.60467553138733
14.36263656616211
171.25492072105408
74.88995599746704
211.14918899536133
221.9131155014038
82.61696076393127
249.82589030265808
87.39323854446411
194.2927372455597
250.0201597213745
13.650588512420654
250.96209502220154
248.4733772277832
248.3092827796936
248.21810698509216
250.4646987915039
250.95831108093262
248.98546195030212
249.46132683753967
68.24149560928345
13.66803240776062
249.83561778068542
198.3626856803894
87.94111156463623
239.5132656097412
222.87344121932983
101.64541697502136
241.8998908996582
250.15164828300476
248.90515303611755
13.624366044998169
93.84608006477356
151.78905725479126
102.46911382675171
247.04687404632568
92.79971742630005
248.1270616054535
192.74066185951233
180.74501752853394
86.41925525665283
13.682074546813965
247.98245120048523
248.9525842666626
124.5972888469696
238.1662917137146
249.4626395702362
82.4719295501709
250.01842761039734
212.54507064819336
48.63433480262756
13.797667026519775
125.15138006210327
249.70719957351685
246.2761287689209
250.33241605758667
177.5669651031494
123.3192834854126
173.65135860443115
248.135262966156
247.65619897842407
13.618728399276733
243.2137622833252
203.8252832889557
247.04327511787415
58.84902381896973
86.5750744342804
245.05442142486572
35.951210260391235
78.97033858299255
164.10838651657104
248.98532843589783
250.68911933898926
241.5593478679657
89.68867635726929
251.90440773963928
251.55377626419067
216.3411729335785
249.7362961769104
249.7856981754303
31.743934392929077
236.95039415359497
249.65324997901917
248.65802597999573
249.16362643241882
236.24054098129272
229.9784185886383
238.6046679019928
236.6305389404297
245.217467546463
250.9786148071289
250.11077094078064
176.78391861915588
250.63055562973022
248.5642807483673
247.50215911865234
249.67647218704224
250.52725172042847
163.63380455970764
188.90840554237366
249.8275682926178
250.62474870681763
247.7158567905426
250.28570318222046
248.8328824043274
82.52407956123352
250.28269505500793
249.68461728096008
60.18863344192505
169.22872161865234
250.14451909065247
81.85573053359985
249.29676699638367
249.47568345069885
249.89490699768066
250.41839456558228
86.18666124343872
251.62895846366882
250.3159065246582
250.50692462921143
110.57202863693237
244.6791684627533
109.59443402290344
204.49615669250488
259.2764427661896
250.08797693252563
204.04734563827515
176.55968403816223
36.96909499168396
250.4330403804779
247.42420101165771
247.00901913642883
81.86053228378296
249.7862069606781
249.31548309326172
251.16915249824524
106.12071108818054
247.80297946929932
246.695485830307
71.33196640014648
250.80090165138245
240.47064018249512
162.95014595985413
89.51555180549622
248.4695327281952
27.43614435195923
247.73590970039368
247.91190361976624
247.08861660957336
250.65884137153625
250.9078185558319
248.1970179080963
80.06272864341736
248.71906781196594
251.89999270439148
250.49465703964233
248.89143252372742
134.80691051483154
154.4657280445099
211.40809297561646
248.08710861206055
212.73898649215698
120.98890995979309
249.922589302063
248.54599475860596
245.60518622398376
247.79551196098328
249.1302604675293
249.7380154132843
104.98550128936768
115.27410650253296
13.682021379470825
248.60032677650452
251.2805790901184
249.42811822891235
250.65105557441711
166.29886102676392
247.57430934906006
185.09210467338562
247.88233304023743
249.70866703987122
13.623058319091797
249.51689457893372
97.74331903457642
141.13932943344116
249.44177341461182
251.9851369857788
97.18626165390015
110.34002566337585
214.90911722183228
234.26260781288147
13.76865530014038
69.46049284934998
230.02482271194458
249.01020312309265
247.77107763290405
106.0679714679718
250.3804271221161
108.83764171600342
248.12788009643555
85.86190223693848
13.629333734512329
249.27076125144958
121.11273860931396
250.34733772277832
44.44745898246765
247.2792935371399
247.63038730621338
155.21525311470032
88.62893390655518
250.97341680526733
13.551507711410522
249.34556102752686
120.8561544418335
248.99265813827515
250.90706062316895
251.43864059448242
128.1487591266632
24.481120824813843
253.80047750473022
249.10776042938232
13.604077339172363
250.02538514137268
248.75768208503723
249.5531804561615
251.33951616287231
251.186607837677
250.7297601699829
48.18139863014221
250.47925090789795
76.10817289352417
13.646538734436035
247.7849223613739
120.39648103713989
147.6057276725769
250.23797059059143
250.02365517616272
166.36463046073914
246.89100575447083
70.14609837532043
246.36123824119568
13.620554685592651
249.84347081184387
243.42138290405273
161.2752549648285
250.83944416046143
71.57834887504578
249.5198118686676
248.34495425224304
246.18277382850647
247.6137616634369
13.714041709899902
249.99608492851257
247.30543327331543
192.11942887306213
249.1422290802002
248.625070810318
91.00836491584778
246.23691391944885
248.48620796203613
112.2719554901123
13.63602066040039
251.87034797668457
249.30554270744324
250.96605849266052
248.310622215271
249.61771512031555
248.73552584648132
249.9765019416809
249.45116472244263
249.21754789352417
13.648867845535278
241.56432628631592
234.61038994789124
251.3841998577118
121.71177005767822
230.5676577091217
206.24618673324585
159.52924609184265
79.1561017036438
176.38551783561707
13.905734062194824
246.25386095046997
87.1575174331665
83.63623261451721
251.51706457138062
248.5556538105011
249.2240264415741
248.36158990859985
249.80095648765564
79.37729668617249
13.649863004684448
71.76904034614563
249.23828554153442
251.90734148025513
132.63651847839355
248.80404949188232
247.53535151481628
244.49256467819214
36.298290967941284
248.67692804336548
13.6661376953125
36.802865743637085
49.10968232154846
248.7288088798523
250.19304823875427
250.1880178451538
252.00829935073853
208.54533338546753
83.25940036773682
249.55922865867615
13.671037673950195
162.7759108543396
251.07970476150513
150.45805430412292
104.090487241745
247.25391387939453
236.44632077217102
232.368803024292
248.2919204235077
78.44564175605774
13.623849153518677
193.49210238456726
79.53003597259521
249.13381695747375
249.97848439216614
248.56139278411865
250.1310794353485
229.81717133522034
248.71900916099548
82.9496762752533
13.687462568283081
78.74584722518921
187.7447898387909
82.7342541217804
251.25385117530823
237.74704575538635
181.5156421661377
119.23557448387146
90.18562936782837
138.38322377204895
13.634104013442993
37.467406272888184
250.97327733039856
250.1678647994995
168.4720652103424
248.50292801856995
250.44704294204712
171.59645414352417
250.93542957305908
250.4687237739563
13.724016189575195
250.2625162601471
133.66918063163757
242.7356903553009
236.94791269302368
249.4433856010437
249.05023884773254
248.14963054656982
249.11594915390015
122.72982978820801
13.736568212509155
250.9307074546814
172.3521180152893
207.75820660591125
198.0702085494995
249.74176454544067
97.70946621894836
130.60931873321533
250.00034976005554
129.03548312187195
13.719136238098145
250.65514254570007
252.36771035194397
254.83365488052368
117.35809206962585
78.52637386322021
92.99261164665222
250.14851927757263
249.74260330200195
249.34219980239868
13.747224569320679
247.4002923965454
167.0340051651001
90.82760787010193
178.15646076202393
248.64879989624023
51.30742931365967
39.80559754371643
249.0463125705719
148.16763067245483
13.61735463142395
250.7491991519928
63.72404432296753
247.99705934524536
250.23836731910706
251.76328301429749
248.3799901008606
217.59339547157288
77.82047891616821
66.46055722236633
13.602128505706787
170.36688780784607
75.18766021728516
250.87988114356995
211.0979926586151
222.91127586364746
83.5191285610199
247.49879336357117
86.70200371742249
190.64167284965515
13.724616050720215
27.779762983322144
223.2792525291443
250.34946823120117
250.83605551719666
250.31536054611206
247.6807861328125
246.65695786476135
47.941654443740845
249.0902876853943
13.661470651626587
250.85057497024536
63.74513530731201
196.76668572425842
87.35508155822754
250.67820763587952
247.94808840751648
102.8491849899292
201.63980865478516
241.09921741485596
13.738439083099365
249.00541758537292
252.4077672958374
251.2539563179016
247.25651335716248
248.23813557624817
184.73059940338135
248.81766319274902
249.1558222770691
93.22857093811035
13.652356624603271
252.54013538360596
101.93683743476868
249.31285214424133
247.5604705810547
93.47247195243835
192.5715970993042
86.31120491027832
86.0402684211731
251.73353672027588
13.641594409942627
56.1712110042572
238.87451219558716
247.30122709274292
245.38139867782593
215.39704704284668
124.61729907989502
246.77772307395935
175.91777515411377
249.80248928070068
13.759607076644897
248.88787651062012
59.20050120353699
85.60397577285767
250.6639039516449
36.38470005989075
79.37024259567261
203.35237836837769
248.2999973297119
250.3839840888977
13.668698787689209
250.22988057136536
248.5617220401764
94.64015126228333
78.25253343582153
106.4542965888977
52.812745809555054
90.21702933311462
156.41767120361328
214.36048436164856
13.595564126968384
80.13538980484009
249.0570731163025
250.5246000289917
238.83240818977356
229.2773892879486
215.07567954063416
248.4490728378296
247.70778131484985
53.22116303443909
13.649152755737305
230.4026551246643
249.6320686340332
184.9433376789093
249.8652741909027
253.75513434410095
247.05804204940796
247.12260556221008
247.30900144577026
136.25541949272156
13.679916858673096
249.629878282547
251.3143138885498
248.05155539512634
250.61507368087769
246.50258874893188
85.45412421226501
75.92642283439636
248.39771056175232
250.45236659049988
248.42436480522156
240.15026569366455
227.8034472465515
86.8353967666626
249.17783951759338
250.22714138031006
214.41042518615723
249.7478518486023
250.07838082313538
245.9198281764984
31.796916484832764
250.20892810821533
229.3716058731079
212.76249742507935
203.58189582824707
210.7543866634369
251.25552892684937
245.43250799179077
247.83490109443665
81.56726503372192
250.19412922859192
249.5532307624817
211.51112818717957
176.24162483215332
248.13203692436218
246.00594878196716
66.25233364105225
249.06564354896545
248.63436627388
251.66833543777466
259.2709610462189
32.85797595977783
247.5924413204193
251.03992295265198
81.61235427856445
168.87510013580322
249.05785989761353
247.8828489780426
246.56961226463318
249.36169910430908
249.14398455619812
243.34290599822998
250.09833478927612
161.23503851890564
246.6460726261139
240.2516508102417
85.24492263793945
231.56589078903198
244.8155632019043
178.62925124168396
252.21514105796814
109.8850486278534
82.95488262176514
99.30804204940796
176.03448581695557
216.23854422569275
226.27134537696838
206.12965393066406
248.05925846099854
252.65435576438904
246.05494117736816
248.18138980865479
248.4145531654358
250.26348304748535
253.307865858078
37.09259104728699
249.85860228538513
71.55289840698242
44.69872283935547
250.55016922950745
248.3656508922577
27.234057664871216
250.07774686813354
250.1186146736145
119.33144092559814
90.47341465950012
247.08520579338074
249.6642460823059
249.18988728523254
249.20560312271118
210.7296597957611
248.09620547294617
247.5532112121582
247.58058428764343
252.42074823379517
249.30374598503113
79.64653730392456
184.07311987876892
246.96407628059387
247.24988079071045
252.34251976013184
134.34897661209106
251.72952318191528
186.83611726760864
248.48443961143494
249.42651271820068
249.21113801002502
118.91428232192993
116.9574601650238
141.31836891174316
249.0242884159088
248.37353539466858
109.20116877555847
247.88128972053528
251.73113799095154
168.04059886932373
250.56689882278442
98.3192982673645
249.36443734169006
249.19765520095825
250.38340210914612
162.31210446357727
216.67696237564087
251.92232584953308
76.21717262268066
252.31760168075562
250.1282024383545
105.06961178779602
252.29129934310913
108.3366596698761
249.13323330879211
86.08382201194763
252.22482061386108
251.714674949646
251.17685914039612
251.84004473686218
245.245707988739
34.55266094207764
238.61566948890686
36.79732298851013
237.96331667900085
248.23641061782837
251.40312504768372
155.69804620742798
88.62267184257507
250.7691433429718
13.631743669509888
120.53409767150879
250.36364340782166
48.906758546829224
13.628135919570923
125.79453086853027
24.498233318328857
71.21576952934265
249.14789628982544
246.72629570960999
48.47269892692566
246.54939532279968
247.28002309799194
93.75061106681824
13.664261102676392
247.4196813106537
104.75732088088989
248.50798535346985
239.98534488677979
243.58337926864624
247.02657985687256
147.43772959709167
250.4158821105957
167.9659128189087
13.625990867614746
241.12626791000366
248.06748795509338
70.72848653793335
161.54417729377747
222.34963941574097
236.1865918636322
27.074668884277344
68.96320724487305
247.01096940040588
13.74874472618103
120.8239336013794
248.22710347175598
246.37503004074097
247.20897674560547
249.19437384605408
249.3921754360199
251.95616149902344
192.85642981529236
225.73620462417603
14.788150787353516
216.18400168418884
225.88619923591614
90.5464506149292
249.45507073402405
245.87607645988464
211.42088222503662
249.97234272956848
252.32999467849731
248.8419861793518
13.688825845718384
248.40446257591248
55.66978693008423
250.10667991638184
251.21802496910095
245.0268840789795
250.2474000453949
77.93145632743835
82.93242263793945
250.08843541145325
13.691373586654663
139.8150978088379
250.49788427352905
249.1929452419281
157.8774333000183
249.4553198814392
173.11562991142273
250.6032519340515
196.35148358345032
83.65045285224915
13.631005764007568
163.31471705436707
131.04267239570618
250.04158091545105
250.1221387386322
132.15720129013062
249.06501841545105
165.64607310295105
248.90272426605225
247.84170365333557
13.624667167663574
78.04877948760986
249.8093671798706
251.6187243461609
71.05305480957031
169.30312323570251
225.42770075798035
206.5736312866211
86.64921617507935
105.31435585021973
13.681791067123413
236.20505023002625
245.61154651641846
250.5505735874176
197.60479593276978
97.41582322120667
248.50999665260315
250.64412450790405
249.15755009651184
189.06409883499146
13.568679809570312
82.92947626113892
243.89376211166382
192.55191326141357
182.7442774772644
90.04125738143921
249.9324288368225
247.13573932647705
229.7542519569397
236.07838416099548
13.663258075714111
170.83096957206726
252.79903626441956
127.66423749923706
51.578328132629395
193.29180192947388
253.50200724601746
249.33053541183472
245.82413506507874
247.6270933151245
13.641007423400879
249.1822645664215
251.10501718521118
233.69297623634338
248.32680320739746
183.05978393554688
249.24033284187317
18.972413063049316
169.41047477722168
78.00218152999878
13.671183109283447
78.50880122184753
122.2792100906372
157.29522156715393
207.64513111114502
196.51320242881775
249.08092617988586
99.80868744850159
249.60415863990784
251.86419892311096
13.565212726593018
111.79958581924438
178.0396728515625
247.4529287815094
154.82749366760254
248.01901507377625
248.96793580055237
251.49519300460815
116.87651467323303
78.90295648574829
13.5853590965271
104.39891839027405
239.15442395210266
242.86893796920776
253.77639389038086
251.5663537979126
80.14447855949402
90.14278864860535
178.1539454460144
251.08099508285522
14.053388118743896
41.317917346954346
249.67589259147644
148.3678801059723
248.53581547737122
251.9670569896698
253.7462818622589
251.75629305839539
251.35631322860718
79.36475777626038
14.036312818527222
87.53270769119263
76.05036854743958
249.5263421535492
247.37094378471375
198.47139048576355
83.06528568267822
250.32376194000244
246.49406123161316
246.92433953285217
14.752344608306885
253.36771202087402
231.50982308387756
224.84298491477966
47.57706141471863
148.86865067481995
87.16666436195374
248.65681290626526
247.26805114746094
71.21929359436035
14.030646562576294
88.30807209014893
252.32775592803955
250.64481711387634
209.3945164680481
251.37955808639526
247.18115615844727
251.403706073761
248.5107502937317
75.57134294509888
13.593194961547852
249.69690418243408
248.288556098938
186.45798182487488
246.05364346504211
93.73887872695923
248.45843529701233
245.73965120315552
101.57380676269531
44.58853578567505
13.597176313400269
249.70016598701477
250.5285770893097
250.01874589920044
248.92804622650146
83.46321535110474
81.21618270874023
78.35016536712646
216.65137720108032
245.03735995292664
13.642916202545166
248.0537714958191
35.930280923843384
116.99767804145813
250.16036748886108
248.23672747612
237.88321042060852
248.63113570213318
214.47386026382446
250.3483338356018
13.685652256011963
124.68664240837097
249.5152690410614
250.73899841308594
245.15083718299866
235.78250122070312
46.92883324623108
176.55371379852295
249.3245186805725
249.40847039222717
13.66556453704834
248.0848424434662
59.349284648895264
87.1423110961914
249.3863706588745
35.67699694633484
79.16481137275696
249.78777694702148
248.1286656856537
250.93870878219604
13.643406629562378
121.53591227531433
204.99194264411926
250.19861340522766
249.89943289756775
246.54317450523376
94.30329728126526
78.47463989257812
106.47411227226257
53.04238176345825
13.561304569244385
249.13320231437683
247.86906933784485
112.5465669631958
240.93980598449707
248.24827432632446
247.56697344779968
168.28499674797058
44.5787239074707
90.98833703994751
13.684714555740356
250.68887042999268
247.93625354766846
249.68895554542542
251.77086234092712
214.03092908859253
249.94429516792297
152.14989852905273
248.62935280799866
234.07627034187317
13.61728572845459
249.6203784942627
248.6743462085724
250.770033121109
218.2176239490509
165.4225790500641
246.10893869400024
246.71417379379272
249.84607577323914
52.77208352088928
13.63312315940857
60.63427019119263
85.67111039161682
113.36951303482056
251.04254531860352
250.7218792438507
248.64770936965942
248.95439219474792
246.2680628299713
248.19863891601562
250.41691303253174
243.9471161365509
89.14861679077148
250.21246242523193
247.94841170310974
249.44318342208862
249.7659285068512
251.84007692337036
248.41329264640808
31.84869885444641
250.60287141799927
216.35210585594177
250.934264421463
81.45002150535583
250.02214336395264
248.31321215629578
250.14815473556519
250.69170236587524
250.06652092933655
249.36842131614685
251.68181562423706
248.5800952911377
249.26100373268127
236.50150680541992
249.55734252929688
248.01009583473206
249.32864332199097
177.80822896957397
249.45222210884094
250.34602284431458
44.31684732437134
81.41608929634094
251.56566333770752
249.09736323356628
246.77644801139832
234.75521087646484
66.51978588104248
169.9137511253357
36.703219175338745
247.84991645812988
249.75619983673096
234.76154255867004
248.9675087928772
247.7433249950409
162.31180047988892
245.22515320777893
239.0012924671173
110.45369935035706
247.5852153301239
248.8741636276245
247.49259281158447
223.14743375778198
248.53346967697144
85.7631561756134
249.05631041526794
252.002277135849
109.50236344337463
82.20831727981567
248.9356815814972
204.17751717567444
247.2506308555603
247.54991912841797
252.1254448890686
246.96794605255127
250.3319296836853
249.6718032360077
86.04142022132874
71.81356406211853
247.02220249176025
246.88820815086365
248.83024072647095
250.1058349609375
13.5821692943573
27.473145008087158
248.48324418067932
250.89648532867432
216.42128467559814
249.59808921813965
120.10762071609497
70.56120252609253
13.645791292190552
177.00831079483032
248.45297980308533
204.1759102344513
250.0170967578888
93.68452334403992
249.15329241752625
89.70763111114502
247.928715467453
140.65067887306213
13.70222806930542
247.7277910709381
250.2678656578064
79.33927297592163
185.0023798942566
246.99116396903992
246.8587348461151
246.9683873653412
248.36710476875305
249.26341247558594
13.593521118164062
249.2132852077484
118.84370064735413
115.85257053375244
244.74965381622314
110.13391733169556
249.02519130706787
250.32847094535828
245.98157286643982
238.821133852005
13.648161888122559
246.01641702651978
247.6216323375702
166.3392312526703
97.21169352531433
248.67661714553833
248.96812105178833
249.67452478408813
248.75766158103943
76.0762267112732
13.641256093978882
247.7695345878601
210.71844816207886
247.46768236160278
245.92200899124146
36.99731659889221
106.50997471809387
249.15607452392578
231.79134583473206
106.54229497909546
13.955189943313599
246.89551067352295
89.60812211036682
71.03592228889465
248.01592445373535
216.8145534992218
69.5190269947052
221.7543601989746
110.06912302970886
250.21511244773865
13.630915641784668
185.26997351646423
36.895570278167725
49.105217933654785
249.45305514335632
248.77921438217163
250.54712557792664
44.18673825263977
250.91504216194153
127.94746732711792
13.592406988143921
24.4252667427063
247.71480536460876
250.6573202610016
247.99156665802002
247.21620154380798
48.06728506088257
246.85636711120605
136.0580997467041
243.40967512130737
14.471410512924194
100.3905565738678
238.9432635307312
249.27727270126343
246.31374263763428
161.1571078300476
249.32808566093445
139.58806324005127
235.37467408180237
249.85568594932556
13.669367551803589
111.94594860076904
241.9127221107483
247.629469871521
175.9810118675232
250.05979776382446
237.7380177974701
229.39460802078247
226.61501932144165
156.23936200141907
13.52501392364502
249.67482233047485
27.70330810546875
248.613347530365
248.33095264434814
246.17301535606384
207.85531759262085
250.91860675811768
13.642659902572632
249.66947960853577
13.599843740463257
13.577551364898682
85.8446946144104
229.60295939445496
193.00521445274353
248.4899971485138
248.9007761478424
90.21854782104492
248.16492581367493
212.4467375278473
13.626372814178467
13.566914558410645
251.8474133014679
55.89550709724426
251.20941996574402
248.35006093978882
248.97163939476013
252.14448022842407
60.877846002578735
247.40441727638245
13.695074796676636
13.590895652770996
251.65761160850525
79.34500932693481
139.15856385231018
248.7405562400818
169.90074253082275
154.2618007659912
246.6834478378296
173.61503148078918
13.627561569213867
13.551055908203125
250.51516962051392
155.533846616745
83.19361996650696
162.74549627304077
249.05104851722717
131.02468490600586
127.8365261554718
245.80974507331848
13.587491989135742
13.558783531188965
250.09736275672913
132.96802687644958
249.39342260360718
166.10082507133484
51.56902456283569
39.87494897842407
250.24160289764404
247.9193570613861
13.60463809967041
13.620054244995117
258.713082075119
71.72243523597717
165.7226755619049
197.00082087516785
222.2250018119812
86.57767581939697
192.19696378707886
247.62309551239014
13.734232425689697
13.621421337127686
189.08128762245178
197.52678084373474
117.29006004333496
105.88272380828857
250.38266134262085
245.76342391967773
234.48651814460754
196.6447718143463
13.593647718429565
13.58321762084961
250.07115387916565
104.62226581573486
98.29896783828735
74.60002303123474
251.13777375221252
250.3598484992981
250.84027647972107
250.95912051200867
13.689270734786987
13.674356937408447
247.58353185653687
85.49908494949341
191.95045638084412
181.65391159057617
35.544835567474365
115.19349932670593
240.40603828430176
88.25866436958313
13.69304347038269
13.567675113677979
227.0586643218994
244.4107449054718
228.56803631782532
250.6559796333313
246.7145586013794
247.79390788078308
249.0021777153015
245.8044731616974
13.623661994934082
13.670079231262207
236.75392198562622
121.45777440071106
125.29164361953735
249.65980434417725
250.8966429233551
248.61563396453857
248.72441291809082
181.48076033592224
13.627999067306519
13.57364821434021
249.9401195049286
122.9651792049408
171.02153897285461
77.82803654670715
209.7772560119629
248.7097191810608
246.98494720458984
247.29696989059448
13.592786073684692
13.64362645149231
91.82326197624207
128.70182871818542
98.29617309570312
78.19396615028381
250.50107717514038
155.95436000823975
113.3913197517395
247.23003792762756
13.696332931518555
13.662888050079346
32.19856381416321
249.47305870056152
80.38910913467407
249.3945243358612
253.53803253173828
250.37903785705566
221.23943638801575
223.92405319213867
14.480692863464355
14.131578922271729
232.2144410610199
76.9239068031311
91.35446286201477
177.62686324119568
113.85978126525879
250.68922972679138
140.84686493873596
250.96914386749268
13.629852056503296
13.61042070388794
251.45882487297058
251.73103713989258
147.48466515541077
251.87843990325928
251.43660879135132
249.9943506717682
250.04807925224304
248.27553915977478
13.608903169631958
13.570279359817505
251.05975985527039
251.53216791152954
250.883159160614
78.45375418663025
86.25684380531311
247.7028787136078
75.15966773033142
249.59295773506165
13.722757577896118
13.593365907669067
249.92424130439758
252.78696465492249
233.45654368400574
78.51924443244934
244.49856281280518
248.64436626434326
246.01868438720703
247.93180513381958
16.702122688293457
13.575626134872437
251.1272737979889
249.2832474708557
249.1518678665161
234.7781524658203
47.531731367111206
151.71804189682007
249.68701577186584
69.65238356590271
13.626180171966553
13.61855173110962
250.040922164917
248.50839400291443
254.18555521965027
87.66506099700928
249.3764464855194
250.8971803188324
78.37327075004578
208.29595971107483
13.660024404525757
13.567159652709961
249.5851936340332
249.04071402549744
249.58037447929382
257.9324915409088
168.53828477859497
251.09653687477112
246.3490035533905
181.40736842155457
13.725828647613525
13.61918306350708
239.4583239555359
251.01080560684204
93.70276951789856
247.94145584106445
102.56117033958435
44.546414613723755
249.03255605697632
247.56573700904846
13.56715726852417
13.606020450592041
93.69388818740845
86.30227184295654
86.33448481559753
249.94108748435974
245.9310483932495
249.2644374370575
249.6301519870758
242.46812963485718
13.57270359992981
13.641101121902466
91.42218470573425
251.82096886634827
216.32373332977295
200.70433044433594
249.14006805419922
234.1451117992401
236.29470443725586
47.55539894104004
13.597146272659302
13.584912061691284
249.27650690078735
174.52540588378906
222.21592330932617
232.80155062675476
233.0065701007843
233.2110607624054
54.409747838974
81.60654950141907
13.809617757797241
13.82604169845581
223.50580406188965
34.99193024635315
153.41072988510132
