227.52474069595337
201.573988199234
229.14237523078918
248.28062319755554
249.1250057220459
249.61392998695374
249.09048795700073
237.07001423835754
248.38774275779724
249.21411967277527
251.5174436569214
250.75421619415283
248.04293298721313
247.9345030784607
249.35720562934875
245.8056604862213
174.95524716377258
251.32431554794312
66.76629734039307
250.3544065952301
36.770349979400635
251.9599266052246
44.844757080078125
253.21639204025269
82.02351379394531
249.10497999191284
253.54962468147278
250.30911445617676
250.52173709869385
252.98478960990906
163.89286613464355
251.3231406211853
243.72992777824402
246.32217049598694
243.00012016296387
109.93121385574341
85.78403544425964
216.2694652080536
251.11750078201294
253.67990398406982
250.38467168807983
111.09620213508606
251.82994723320007
248.81061577796936
249.0920398235321
204.2705843448639
218.4425389766693
214.13523054122925
246.0764820575714
250.34515571594238
13.655856370925903
86.28428173065186
251.3590965270996
249.13799023628235
249.09949946403503
82.64478874206543
183.88182616233826
71.94148921966553
94.45284247398376
248.53274130821228
13.646093130111694
250.97439098358154
70.38866996765137
168.4992492198944
251.16840410232544
33.39288401603699
120.13661193847656
202.94610142707825
250.12610626220703
250.07019877433777
13.641375303268433
248.27752113342285
27.681520700454712
247.762934923172
89.33992290496826
247.40933203697205
249.4356985092163
255.0520350933075
139.8094129562378
249.14573168754578
13.73727536201477
250.150883436203
249.43047332763672
250.8556308746338
247.01110649108887
109.8377149105072
251.69263744354248
248.69722533226013
144.09136033058167
207.6501967906952
14.874525785446167
237.4203233718872
230.0001950263977
13.69210433959961
109.40963339805603
250.34305596351624
247.84298372268677
249.20305132865906
248.64512491226196
242.16187262535095
13.694133758544922
13.685619592666626
48.07926940917969
222.14003229141235
210.7579424381256
248.2040491104126
249.69319248199463
166.05689144134521
98.03525400161743
249.65883111953735
13.558207750320435
13.554542064666748
77.9937949180603
251.46650862693787
43.93779182434082
249.24243092536926
71.12433648109436
248.6584599018097
251.58172917366028
36.81283617019653
13.671093463897705
13.644939422607422
248.0240340232849
108.92194533348083
75.04132294654846
175.7218554019928
248.20696377754211
120.20215034484863
247.8946578502655
89.33192992210388
13.575313806533813
13.63547420501709
249.59957313537598
249.5640835762024
48.82404971122742
250.55600881576538
248.1764054298401
251.01359295845032
251.53535842895508
247.56903648376465
13.685072898864746
13.591661214828491
248.75119519233704
249.80271673202515
126.29531478881836
249.03959321975708
249.9924442768097
112.55469632148743
249.15503430366516
247.88992524147034
13.61937928199768
13.597537517547607
249.57175874710083
250.5313527584076
135.0945155620575
248.4559223651886
247.76315665245056
164.49318623542786
236.7506718635559
146.91278386116028
13.598264694213867
13.679817914962769
247.62880754470825
115.90760564804077
241.20721650123596
247.64873933792114
247.67584562301636
86.03174233436584
249.78342700004578
250.1153748035431
13.68675971031189
13.691568613052368
178.91983699798584
191.03031086921692
245.91901779174805
244.77875423431396
248.98305869102478
247.70144176483154
207.4424831867218
249.611567735672
13.59370493888855
13.667710304260254
249.25036549568176
249.65916085243225
60.75215697288513
191.2860071659088
246.42514991760254
250.21646666526794
90.95511150360107
249.7006959915161
13.6452796459198
13.574519872665405
31.899887084960938
244.89624094963074
194.75441241264343
132.58678483963013
248.04911136627197
75.52406358718872
55.98354697227478
250.5624430179596
13.684643268585205
13.5949125289917
249.01210951805115
252.9397280216217
242.62914204597473
79.56852769851685
85.21149015426636
78.82336211204529
138.31244945526123
236.59255933761597
13.693454265594482
13.68506669998169
247.69935750961304
164.4389545917511
251.03650784492493
153.72032737731934
247.48859429359436
240.98272562026978
87.59467053413391
244.1662027835846
13.882798194885254
13.807801246643066
235.17336177825928
244.3304407596588
236.8450312614441
184.4060606956482
54.958550691604614
84.53562641143799
234.14733219146729
153.3696267604828
13.913878440856934
13.784633159637451
224.30301451683044
110.68687915802002
118.25146579742432
215.16448187828064
156.11342692375183
228.55504655838013
48.24718189239502
39.08865404129028
13.921843528747559
13.878804206848145
223.89208102226257
38.92772459983826
232.28636860847473
82.61481547355652
67.93958067893982
160.42258644104004
71.69452428817749
199.18346452713013
14.901831865310669
14.8551766872406
224.5737328529358
220.38110494613647
83.42814207077026
87.05039048194885
119.37299275398254
190.25223588943481
106.39392685890198
247.1501066684723
13.581389904022217
14.021307229995728
250.41018438339233
248.77652788162231
238.70390510559082
245.9112672805786
246.2666895389557
69.9537262916565
195.0704665184021
248.9833402633667
13.66976261138916
13.62595796585083
105.28429508209229
252.73720240592957
246.2216112613678
249.16548466682434
102.40871357917786
248.00894713401794
191.72386527061462
180.19007229804993
13.819928169250488
13.826076030731201
33.9581823348999
83.31355953216553
243.1661820411682
117.20262813568115
242.61203956604004
89.68841791152954
247.6227729320526
248.88879466056824
13.66081166267395
13.571053504943848
248.5589723587036
213.4459683895111
243.5934658050537
229.25111961364746
251.21146249771118
245.80856347084045
245.8947720527649
248.83657670021057
13.699812650680542
13.609439849853516
233.46042466163635
199.70436882972717
120.89567732810974
124.53827118873596
246.79563975334167
246.5520739555359
244.75889611244202
247.53853821754456
13.588528871536255
13.597453594207764
91.15727353096008
182.1125681400299
28.102157831192017
250.81717658042908
122.74374794960022
170.7982621192932
78.00526809692383
207.82245445251465
13.785342931747437
13.646459579467773
248.89766025543213
247.24016070365906
128.31141138076782
98.19160652160645
77.97368097305298
248.00808024406433
152.36764192581177
101.49098825454712
13.726397514343262
13.537948369979858
249.6358470916748
248.60429978370667
248.1017770767212
248.5983533859253
79.69594883918762
248.8888599872589
252.33005547523499
249.9865779876709
13.618462800979614
13.589929103851318
252.19242143630981
248.20052480697632
250.4495587348938
250.78132963180542
250.3913140296936
78.78802347183228
90.88630604743958
178.8238663673401
13.61791729927063
13.571705102920532
103.48214912414551
139.51829314231873
247.7836389541626
248.8922131061554
147.52104210853577
238.29885745048523
248.50680446624756
249.37431287765503
13.626881837844849
13.588191747665405
248.86901664733887
250.60488629341125
250.89881801605225
247.280344247818
247.61423778533936
77.78651905059814
248.48132467269897
247.91798090934753
13.604738235473633
13.531770467758179
71.61854386329651
249.46990776062012
250.49343371391296
245.73964762687683
231.9825794696808
247.76375150680542
248.86380553245544
249.1919641494751
13.68085789680481
13.657209873199463
250.32566928863525
248.12161922454834
248.97826051712036
252.03317856788635
250.9248161315918
228.56483960151672
218.74667978286743
236.42041850090027
13.639410972595215
13.689115762710571
247.26397109031677
47.23980236053467
151.2033817768097
237.01338410377502
246.81782126426697
228.56394815444946
87.11288928985596
249.0444073677063
13.610775470733643
13.603213787078857
78.66439986228943
207.92718076705933
254.7212688922882
247.04964566230774
248.11311030387878
168.41677331924438
